120
6964.048498407228 5637.8468562028465
2688.464044666751 1567.6528933695665
7601.0198340789 6972.109951840798
344.698129663904 4322.574964097588
9036.657324807624 1616.7349582636991
4938.874825303956 2288.397716644229
4182.988288260825 8179.806989137674
7098.567308450852 567.5487019880054
8281.290635676853 2994.2712871866306
3108.254459091484 8037.121307474426
1682.5248071475673 1190.6592159192587
7910.362369848902 6340.413294906725
4716.860565921237 7993.22429181263
9631.31415757103 8277.911531760963
5689.7608032351745 1109.0719466157739
2692.7053290980452 1268.2619904956139
2202.1034789696814 759.1438875955125
6521.174665855539 3304.7064145329296
6636.709178584972 101.21714055562504
7079.074707704564 2361.2055127155186
9821.286778091891 9155.477678212526
8445.873531962508 6698.300069948124
1401.1460672858357 6696.751184028248
2759.0538695557643 3366.0142835762017
3721.347345690341 3260.1083129564713
2630.5728420676555 1864.6348074714392
1747.6791850886252 2508.1901494231597
9440.05037960255 4080.781995089824
3649.7258687275435 3520.9806265444167
4900.421358748237 2771.623865046465
4599.9385385210135 1033.0587977746575
8647.220466809333 3128.3384970410766
9288.668109482946 6208.415730215709
806.546528215144 3415.7657062221647
1409.8324123496452 2254.9907911463906
6376.384462681492 8808.990492610159
4010.2133466710056 4864.864843417009
8530.668680488492 7689.726166262344
4786.400075968437 2396.581681085833
1892.9412534683986 5833.614559381725
1209.4057006306646 4128.610806162013
175.79299273529526 4372.196041644614
5332.516616064261 6089.101576977744
8688.391980168977 7631.335063599054
5127.272801331472 5458.177800483909
7058.997558161555 9170.452892275796
3348.6392679455944 712.8713733930115
317.69135504503885 6968.912386370219
3572.844165417489 3548.055667145521
6099.040149164589 7674.432226449369
1545.5342122307825 702.0410088518747
4473.348935571719 7079.30058890994
4457.313063822391 1329.6275250929757
3244.9183016202 7679.431817751886
7622.41175474099 3653.429282511482
8346.861706569362 195.15121067808394
1099.1574647841796 1343.5399175076868
2594.955628903934 4515.063447236207
9307.95821451057 6651.732363079621
8955.023416690914 8840.663049102162
8634.686586796133 6449.164202469547
6847.4417664588345 3546.184978519409
8416.528641526636 6325.836634417412
3166.397035764107 2521.8783569951265
1380.453000205052 76.36282444509423
1907.7167971393528 430.2809024387977
1568.1629872823567 976.6295569558081
5492.584434928112 5291.7451352476
1132.2646406570757 9448.852956136387
1754.411155574348 7989.428742974207
8334.91440509287 3512.5725953713995
4287.759081004235 8454.843982580245
6208.827670306877 736.7442216285768
3289.4959369308717 8650.611470899057
235.56451459976313 5989.094415572027
6979.0395021007935 184.25400767222322
255.45850352727606 8332.334905791024
749.5829947527743 1717.6004922874376
7803.6356902791995 1358.257242916907
7642.439700810481 2862.1239686578083
6743.006875360395 8924.090142551695
5221.56795555702 4761.153045118163
8896.148752334098 7783.695136948399
8943.571575710048 9613.725501634388
7384.537807960107 5982.448515741764
1975.5120489355193 2637.062979315068
3821.9078069068833 2895.9245519188557
7454.397878232899 2021.8072643102369
1459.966173315872 3081.7682321451334
6986.134293101915 8663.677966248642
7477.8735663375455 1796.1409873205637
1503.9671009150734 2592.13427560415
7516.77707134975 144.50884461170153
8820.033137275897 1506.0106904128345
4779.020717880198 3009.0559786943973
4834.696467910166 4734.514815243681
119.15342525754879 6998.21402773188
3246.8079655949346 8362.962257498477
6772.104477865446 569.5188588427824
7058.661180733289 1722.52694866596
9194.053711067972 970.4120623266277
131.2360197646023 7659.391378225931
4726.163912868931 4836.2433645775345
1632.0124973147442 4704.636989331382
4292.586856515262 2314.8027727820595
5329.948756887928 7229.281386133276
5838.009541989134 3845.6277918672545
7455.968576256382 8266.419161554673
1452.1912795824976 4987.117089281815
2966.1449286816755 2027.7060277520243
4077.791470722578 2980.538994353484
1926.3782541531548 1680.1799943607232
6385.3714294132205 7210.5591984182975
9062.023489465006 1275.5019468300154
4230.842617480183 9853.978366865895
3810.633329649462 7560.27484028877
5431.706456381704 3751.1526562575636
7453.589272815377 5205.199338015443
6321.888544052926 2933.6690173580105
4989.453923976195 3511.7358691637546
