2300
7806.691389780296 5739.198769456147
8871.785303956338 2007.9446336381811
5618.949565600696 3126.013943712482
9626.603407556051 8882.443172009014
217.9957560237711 5233.709409119198
3771.4432785417252 9418.41499699195
4569.846849725984 3888.103210656162
4651.513270637193 5192.32861953949
7232.210532644868 2148.2280055415713
5928.2012557873595 3111.2951440246593
1215.6431938163005 6026.840831607676
6209.986798290524 3333.1210664026767
534.9946749832424 577.1587867748684
9589.940006337649 7044.326609520737
8730.759310091724 2923.4645285168626
3400.2967678156915 896.1979722919766
5043.366056488751 5145.009186563949
6446.431312768665 6139.90336925074
8061.997890044709 6464.449904867591
9569.435270759805 6069.832739382798
74.09270990248129 2647.110492704683
9476.61547965288 2184.104163232916
8678.888463240242 4314.125216376753
6761.984431582457 1175.9733907671266
1509.892716954897 4609.65498842813
154.73305020506368 3553.262289871716
4655.183611653084 1865.81023347975
4242.936667369211 7945.100010999489
8592.998687658168 2976.392899655189
2350.3238514164805 868.4435830905002
5750.086091487371 9654.777445051048
3486.934616331323 8956.939853531632
78.45903309128488 2678.7858582049407
300.88177798798023 9480.244677333629
3045.73779956282 7871.853938670975
3184.3881460347957 6434.637217603919
5603.865561769987 6744.4381490267415
8068.190047321331 2286.617708061264
1081.0547221720224 2563.4549372043016
1395.7615987317229 2159.5573107060272
8299.322162510458 822.0165449436901
749.2585890282465 8439.019012012019
8696.435601820283 7761.53243583452
7982.603337648445 6046.409619669074
110.01713237918764 4576.389312629785
3552.3771430915294 404.90107564132404
3535.223140010234 7672.318984297154
8143.787281434323 6307.7643770085215
653.9685925407946 6515.025474459575
9986.993368119018 7169.221237351263
7148.096562719915 3206.298100741306
8502.315179919255 1606.1995954617414
4596.381351018882 4771.291965060328
8467.04857015369 707.8421406002267
312.4022867113785 7268.268676766414
8340.52863777149 3696.2321182175483
274.4297236542892 3282.1042799270863
2191.3465530061926 1329.5362965904444
8807.378669239064 9303.97840932503
7704.451238012291 4954.273954378569
628.4606543889693 1235.7873662035502
8143.420541765733 8872.719962866307
919.4574877241513 3186.433141941225
7800.655024633468 3876.097132277303
6814.6588401628915 5755.891165002587
9603.112030203656 8672.90305998911
6531.549968703214 373.5759454187537
9669.84083496387 1856.2706229024172
6950.563083690227 4868.385168636586
1479.1652588874715 9681.20438391073
6163.919444577841 8373.27152085629
9943.956978567312 4615.648049032938
5211.15949758854 5407.035258459771
847.4458035028154 7584.205616315671
2316.9307543038976 590.9859805841178
6995.95309534959 5809.448155712388
2009.8884011057905 6765.119589046666
7980.164227782288 441.9466484985446
2724.9637544649254 1591.5964197674216
9322.83350810295 4472.4330979265105
7651.84645313607 163.60071129119524
9423.794842046285 8979.414028737381
1950.635731569612 5870.109537386554
7344.024648087475 7319.2146293472515
7651.086138249692 7719.56625505902
1100.3518078826457 36.663876420531814
5620.116036489713 2420.710043571307
5279.49861221388 3381.2469717398685
3393.2281962026823 9427.851634455066
5180.979221720346 6378.986862977288
8824.065527351107 7223.18084082299
5494.517891300702 7305.458904169204
9240.713737540236 5076.971657972773
2513.9600763838553 6290.994319792167
1591.3962328879027 4641.023371090696
1152.8327953505168 3185.6611179672877
5572.72421531834 538.048436513261
3563.330883934295 155.08667412399646
4350.756558008433 1256.0043282434074
5154.999306183494 6827.83674014213
342.59375704717377 5417.468668919684
6221.6978892235165 7199.446397369723
5729.370880124345 2119.0351769902595
8851.92067246126 7884.571584353778
5612.273599367988 784.7157057060983
4860.937796090585 2058.8486964913645
7493.187860786642 5912.2572343841
2479.719604092505 9621.361028613856
2031.6114643205774 7143.605402714693
6510.558787720675 4617.386474751161
8453.161351100602 9194.6643780582
5335.138571830242 4699.4322291608
6216.742085761812 1979.5039121665502
7381.013614649642 5544.252182772379
6675.338792234963 5585.510932153831
2475.884521585989 5807.043363977065
7413.531463725388 5023.589830526218
1764.8387235330697 7567.088492091242
637.9419207630843 9783.799780806632
1188.960331606117 153.1872705557402
5928.375110457045 4557.943644738998
6535.47644375333 1845.0545250857442
5009.839386476296 3051.2583016229687
9471.913507777354 1328.9142400084263
1548.8706509346096 4391.6893573520365
3758.880255300385 8253.147993726623
5507.607368277198 4420.73103743888
3605.668034886639 9944.245446024446
3876.464955578962 3987.5107998336703
3930.244458916865 9290.328468303198
3667.5799076798844 2322.0657605297224
6704.540419484232 1479.3808392382125
5056.307621041769 3808.680946510231
5552.4761557630045 1565.6570618569076
9364.250778505942 7265.437788999059
7185.292739363195 9078.80006431474
7216.985676751837 6379.431224801749
4142.13428175325 2909.448598754677
7209.564408873736 9367.748859257987
7978.481019743055 4858.502831168556
7762.583107898748 2842.3278244659155
6815.626880943837 3788.7157184140397
1006.357977569261 2540.7884710744565
6488.081880548244 9299.186407237577
6620.3281793493015 6767.330910800213
5011.670083827202 1302.6597492651404
6233.837172920524 9763.54836607151
9859.827667622376 7804.453029750769
6114.707417054343 285.5341551959967
9365.18467991315 6332.5118033030485
1848.3514288360902 281.32110849618084
80.76014748324422 1918.0126788602036
298.66271515631814 3607.755556862834
5964.510271036876 4898.175171461076
9506.259484769422 4678.436490096582
1821.3268025825614 159.61725167315754
9334.97102950208 1358.6985611195223
9015.626215014709 4786.37192764566
7446.766570332706 1561.7350723518175
2099.059877559417 3424.686415129514
2241.9364858381487 9891.230185745138
6388.961067256159 8428.378976628575
1238.5801451176126 580.6233936877913
879.8600032715342 8673.600022993769
5785.938252320715 1033.3578245728736
4762.876163884489 8306.465625668641
4893.089649864416 76.55840656500268
309.88190284031657 6864.032713724432
1513.528992985348 3884.3220004840086
7394.073233169226 3756.9071400195776
2007.8184402005318 5503.31295303702
3094.1558699148386 1756.6669212601983
4535.52472945186 2575.3696061438545
6882.000983220209 2861.0834566160847
7158.516151330424 97.21998474399473
7646.472251852765 7699.208531706507
394.634463555259 5639.6369334198525
6454.436117532234 5076.7120907886665
9170.013153483404 8669.696156292479
32.37514966850763 8064.360426412322
2972.4650602670267 7222.361208367472
3696.86751160316 1364.5013539908934
4477.495513693046 4663.768715485889
4656.315664703219 6037.293654926341
3197.5852942287506 2840.8556791582496
360.8412429568153 3560.4167648787643
8821.09845425845 9743.08695813453
7026.175867680551 3773.321250197482
819.1755929361677 5051.637000592445
6889.287020258164 7273.967129145259
2205.7316247782733 8631.701607986428
8026.610652014141 9160.362051541924
366.0141817179341 3067.5712980557832
1499.859808648739 6491.264009370771
5.941409753846827 7238.632641790085
6558.868173474491 5027.532653695846
213.47040015111008 9813.208666403787
8300.77003540685 185.71856651802943
9412.64794892294 9163.039358053975
4717.9897942754915 690.2811042673129
5488.11927028514 9720.368372429868
9115.018863835532 2361.402280062428
9514.970760121034 3258.0020585772972
6125.4035255990875 5687.780454861609
7275.77250801649 3059.5200287845337
5470.471360385689 8344.149119530995
2363.934685340028 7949.283948500557
5032.428725497482 5693.247818848838
6752.182292721293 3066.059291229154
9921.343242777166 4014.257554148415
911.4767818555603 6598.477699613138
4915.75886875028 541.8220361925974
4455.732772310936 9032.459302378948
1073.981809547223 2140.1352120009765
5580.4872306116795 6783.746178201234
7824.278166267802 6097.189918950619
9924.231706091521 2832.094903300929
8271.462007001568 6344.484069325374
3910.260703654628 456.3022254444382
554.6845690132973 4886.031568216492
4040.586230568798 6635.930255517057
2899.1261012699797 6482.763114202007
1118.0849202951326 2204.918248187159
7492.447304488049 1033.5225975564388
9712.326810119073 4169.731506354935
519.4507340331422 3947.63229799468
9889.801212326049 3986.8307983078535
8405.05843526629 9058.800578451928
7379.7828981877265 9612.537361968543
5365.918436464725 6624.921825521313
7583.552695267487 8946.00650431926
3115.7733572465086 1284.1769646622636
701.7887384932819 3449.3226567244915
5436.473365439757 6296.179702397515
8632.277106774469 9090.302178879674
2943.8891498178855 3936.7371188024713
554.6652829671428 1456.9719977540062
8802.308961148421 8932.252496395751
773.519157399154 8516.253107158163
4063.8556451107434 6825.118723353985
8989.891233718992 4195.125152679983
9763.491894679697 4320.938864054051
6551.176541749478 3065.220973280175
4772.848585438154 5569.070863459674
7383.214919607491 130.95601724889883
2940.399127187315 8342.902221042548
2263.227365644318 4549.898368509545
241.66407648191114 3655.3426397845624
6763.95626831453 1995.4291747549958
1839.4266960031703 6673.472403650099
1789.9319729287176 4596.917916398888
2514.0927038533655 1324.4939054530635
9190.278790853961 1322.041051429149
6812.981825682946 8205.676953505055
4076.41270813628 373.6954313965901
5242.58808560101 4998.725634150708
4019.3560477027954 5531.327443651299
750.4918807064653 8077.529068005513
4025.359090187558 8500.205023809283
711.4262464240651 156.51412385698782
9404.02353072883 4817.5110513175005
3114.664182824091 9951.512085540435
6653.481613830377 9708.122586188196
9370.732733644923 9380.055991943884
3010.209291023428 1177.6087505280518
4533.743083213826 5478.142027631796
8975.293710858949 2127.702175157681
3439.30396503882 52.886284675340846
9362.870553316838 5251.581791467549
8208.078813434298 7962.353544511787
1162.7965320103106 9324.574321312773
2954.8627909061397 7585.302483597152
2736.5907512097087 2670.054100340109
6856.898078997509 2750.6068918189053
4492.967302469068 2073.0048677056425
716.0820877222774 2887.7493339693474
8248.23440301326 5158.888357805189
9165.581888694172 2632.5368915913527
5226.054897438822 613.8121818804254
9355.815019397814 8534.150043766249
9657.813529213154 3992.86179462315
4281.416701619387 9474.376665283698
5685.2625397032 8631.414285058641
7687.429863604244 2032.6321903168941
1933.2698358640964 6047.150194036637
3157.398001136128 8650.03563902128
4011.1806511669834 1342.7597536042379
9233.603384850272 6835.312913324222
7072.6836404836795 9792.442151859444
8822.170956950577 9087.873439732854
266.1169146614972 3969.930502200875
9774.263560921458 1406.5896456423022
7426.430437035012 6259.1293236584515
8603.115756394365 5140.339660900958
7563.559116912286 1672.742220835346
8467.805294074655 777.3379449129469
7036.019999408905 4937.17136138366
5049.581360111646 3367.862111250957
6666.492513612946 6385.633221083481
1541.4763457903136 9376.63165235852
3593.7282272942316 6714.140355676369
5717.971903767029 8085.432696579934
6547.082821289994 2210.5743500686613
5983.766239942813 8071.598290121102
3376.505263060392 9426.921509760698
1515.194105812936 9442.07406496452
5481.279440784721 1597.808166816792
6141.538775207023 3776.6611602516077
9492.527136315992 1240.489642358935
5939.115482709917 7429.32394062937
3950.9501701880113 9726.311801763637
5650.47140948306 3943.618854170018
3858.197500403503 5713.379665144901
6336.614468593183 8858.282164394412
3398.656172672515 2837.253376590333
1153.8441870398353 6288.018556646596
6378.130467040113 8508.761804057476
5162.7096104027405 9581.13233500434
8506.765246057943 8051.720259587427
8589.052462890473 4425.320062569275
1511.1839131113302 4594.564758326104
4840.152109620388 5703.5723062116695
8268.986487170307 181.74984829681384
9650.616249388293 2166.4323500976548
5877.801090364702 9767.971400633625
9688.404431770503 3432.27277944558
2427.257287002286 1004.4730513210609
2348.191483693889 4624.052210663047
9713.388774744835 2439.4253255320796
3498.8219493119586 6326.396500109303
3113.057441277215 3563.4519217847037
6814.953294857402 3559.7492224051284
2099.21688454627 82.3321698078705
7837.196098518468 6808.269232879275
8291.493208838658 1401.3208326382664
2912.2065406238685 2267.8997297453816
5562.891853878672 1217.727284433645
8439.980373577659 4025.085692606557
3068.073694444701 7677.889277626006
7922.376969200465 8774.262087097422
3087.4698716093576 1526.3038844650855
2052.187626482815 6321.881561758773
8354.540302393109 7696.7870318477335
1385.0360041732922 2081.7073996605905
1697.1335027916068 1977.1128751541744
6113.148830430976 139.28590408245233
7670.818570898663 2261.472446900944
6744.596569732695 6751.353895895795
6242.173375547293 9502.383577936906
2477.5311337673866 8000.993726402495
8190.605582258123 7239.193739769503
6852.2422769713985 1169.741863236593
4848.814154299286 4351.825816875577
4649.77780447587 7956.667416552067
4671.9452749557 8690.947330466093
6623.954178785983 8153.2025506508135
973.9803922510082 706.9627418550573
4561.805071216576 2156.9592626399503
228.6786266241181 5358.5533276267
9592.204714509093 7961.427319723473
1455.5404882308333 6203.319939014366
5539.52199758976 2988.1745771338096
7275.718205880598 5211.307062939724
1031.6393394237932 7722.234188203337
8590.999611247558 8703.170548967084
1174.4091257673117 4123.080377760984
9581.19068616606 5450.83315098686
3962.8482750681337 5350.756505821242
4071.4208086478166 1412.9837640415722
5145.009882878675 4809.993459235312
7358.622486994324 8560.56063202689
4099.283909912717 7909.675612254959
4291.404002241425 9312.047660011456
4064.354007039229 9588.664240755807
9172.379092342255 7662.641933316982
5466.336157763722 1330.9579913928783
9742.857388497712 5772.730385932236
7793.739791382357 8748.594889885717
1878.0314775642125 757.7309567974877
2285.333798259911 8269.1405708269
1276.6838006921578 8012.518431493386
5899.7387371905 951.3473568611586
6259.045178586519 1522.2095316933949
8192.613574885741 7797.564755572664
2282.7986583543357 6341.729072986316
4528.483067169249 7369.190987456195
981.7033622204063 1451.3569671871296
3607.029742186986 9500.75764464152
9537.002582544514 435.427546881042
9062.245510607436 7740.7006187174065
4556.164616822867 3418.3106798665854
1836.3876391925294 8518.332073226811
8635.645648657577 5183.048939596639
8918.873816446414 8169.6120872133115
9360.639484475183 3087.998765240052
5164.037350320384 4664.087548475969
9553.105192274516 7080.663910442412
6762.03668919307 1457.5301705369093
5259.2156838377305 4443.228371623541
797.2314263299429 8730.42928426163
4325.321950724135 9967.810573774557
7414.343661307662 6438.066933345012
4606.037429418135 280.79949126026736
9192.964688126038 137.69248416594883
7056.179199305416 9448.895298255864
4509.559917708444 7709.178214542672
2164.6081089044023 8757.236843794919
4671.498404605808 4271.964515178494
695.1367687647291 3521.4256602733417
1214.077453550071 8534.585542315475
9604.930218702902 69.99568718805583
2250.01594077618 2236.971119876192
7131.78371778225 8265.073141045885
1071.363248735503 890.1379630622275
1954.4463760199715 2156.5248522370193
7803.0639337135735 5642.51695876818
6421.9885852960515 4634.387717501517
3500.5272097584207 2924.310006114377
783.9613534632828 3053.7270565142762
1383.7988927124634 3132.475147433619
8104.981894951769 2736.9153704859996
3467.691982334722 7888.576427638917
3184.757450617426 3664.433855465518
1173.4388287844422 6470.150153976698
1516.648831322398 6572.7843602711755
947.8127341765097 5514.04946207942
7114.865483388399 4792.89787071904
7362.275280732575 1719.7701391652874
2571.2746248235885 2589.661915314916
415.2281322900886 8340.35804477981
1247.5067888712122 5279.109165765626
5530.331142007503 9317.847891981613
4171.801587822677 3151.0462402604358
8033.413400549139 4497.628513912
4422.722315525268 7346.462477175277
8038.634664653751 1282.5212901168613
4378.413288120416 3517.7140796739914
1051.677947312376 9220.833869857905
6648.944999981475 7781.062382527537
5133.037569065836 6650.276564577989
3879.5589310646783 9733.52964645694
5848.167419167747 6592.766775784797
4977.367245896948 6186.657214099989
501.2284229657205 2850.9000201966714
3619.898309557038 6895.372712177773
4552.121118250635 9638.82226574032
7336.810729894194 8675.150836781559
5010.965974983128 4362.269509643123
3345.4393114281743 2850.2761671734766
6395.206282128018 6440.623956258419
4211.450694279166 7101.249293702954
3698.332287507873 9147.821519674157
7348.176092538917 6396.02566500251
482.64015088756327 1355.1423767314498
6807.822736474849 5376.098643795728
4935.491467258607 4742.06396889133
5716.473429281977 3559.9003811139087
926.8009394196508 3238.467700446488
6873.187514536465 2762.234878931896
310.64364838422784 6822.774580921523
1080.669817478288 8761.305632841268
290.96690783032784 5511.232676207885
3341.915237384645 1478.3771414479752
8881.185642780754 630.1963571850233
4411.089032935297 310.65062849971014
6670.801997890358 2922.7288869657864
1238.2930149068304 5185.08511310745
5472.849585967565 6629.26390064099
1307.5279642719252 8436.367505195441
6034.911307637797 3308.0030189482313
3567.2931422731867 4946.630752086439
2936.2881109234586 3842.9273067408976
4615.630172500236 2818.2481752242315
9533.46487456566 7425.025759549193
8537.533181916682 2300.605601250549
6120.978064561222 7433.866220745978
4139.693619216702 8418.344718897177
2781.465294557489 1334.8411421821438
2117.438678718849 1571.4579356957847
4168.413633949029 3432.502492541254
6383.09929814827 7779.082216479536
3319.4816943128467 6056.115559931676
9551.950835688604 7694.6456918901
7499.872826490546 5556.029586296887
5508.883463985059 7136.727303414187
1494.330952930143 3672.5936771880197
4223.87958981155 9318.375640207103
4017.1189807020837 1810.6810613075863
3204.6439638424795 5867.236141842544
6889.46911434255 9512.058367433474
5388.65654736954 3671.5508144696587
9262.21878312677 6001.2271833211935
2902.1179787107953 3132.3279322542453
8912.06935764689 1252.78049324393
8889.744272777429 9597.999163674502
30.38152126459415 9060.385824484032
4962.510443511521 2069.290362025297
9112.001723704638 2597.035090995101
2574.1203227873657 1606.8932673738911
2072.484780647469 2097.977880824534
5099.104543735147 4278.33543017298
5005.012329696844 6734.996043802621
9708.450792636408 5686.1540633736295
2097.3272836376013 3154.3560159442663
1858.5976393843828 6334.656384796038
5475.804974233583 885.0582638071558
8884.572476991638 7568.543299207736
7352.885260374629 4888.646139856677
613.7344251279164 8201.050124371259
2511.2924236199465 5567.681810226688
6866.485958981025 397.02835919049994
7743.307688522552 2095.8509585263905
4247.35005898133 3772.3893338342064
2582.3132658649915 9331.492391277849
8561.052655539594 8101.610693527776
6753.364444379797 6379.608854969573
1454.5882459282811 4980.455131259706
166.08722278907527 6227.10847670267
8189.819463966235 7262.550466211318
7456.70496617593 5346.731405245709
7996.382169189593 4143.153129511792
2026.2651619507255 2214.8891424886897
3283.4059226185564 1957.585870372256
3155.569292023438 8254.936006095704
6542.518921559518 4902.134881878015
4556.214146653749 9175.733764196562
8451.814623651691 4829.576770692616
4885.405993970784 9235.69667401157
9865.598439924659 7739.9997135512485
1196.2353660117585 6129.598662509612
3420.2437782718266 6190.56285018894
9414.006927273378 5865.0933141862115
5070.125681168635 3346.19784398413
2948.9006757656566 7709.963771379524
1896.384304170231 6840.178728217695
6379.141478684508 4592.28896222753
3955.8950735698418 9909.485653091513
5426.641866918588 3046.0195765459066
5576.12279831294 6946.322786719555
4203.88685791633 6443.810131223356
1847.194275498182 4817.544302379323
4314.802712727529 2876.0823009553283
2723.294666086269 4087.5015608607946
2812.3132683527106 5198.456002464749
515.9489768536151 796.4201488484413
1466.2486517026484 4397.016893534222
9727.721575428735 1346.1610375047305
6173.195031593231 465.6710289274257
7621.2820297490225 9478.883272624907
9168.24871885523 2806.630460966214
6013.036333636655 1875.444998174135
2579.7035849295257 6168.28989198227
6353.551859365898 4225.465870448181
611.7415167572938 1938.8185248671973
8369.062242994029 7845.425291220715
6171.92046069005 7725.751264568205
2286.5413589203554 8071.132827370434
4601.13298210665 1003.7036224337193
7571.540304866486 2012.3932964752812
6374.148083573779 8624.461977347159
9543.634198071048 7762.216593075086
3564.266803460722 4220.767981369197
5616.263122686312 6220.831336446865
4592.969799293315 4787.129302939621
3143.0980398678244 7638.645937000185
615.8671382701885 2944.83091813066
9991.104066721931 9477.962778752402
8205.22716993863 7165.059036057225
1813.3780459217908 5393.151504014692
9098.369406809315 2435.4465590133336
5495.487824158554 513.0996020487344
3868.9404455432887 5425.7978918611025
5230.1738987741255 638.5518602289053
4905.78724517662 570.8477379288435
4017.515902819014 8161.216064709389
8652.36361943261 933.6712799361335
4234.477510514615 3544.8963695754987
2711.587676405487 6414.587566240761
9793.4811667711 24.303687269076057
3098.157215791615 9787.259712775016
8884.620719235092 4779.355673030485
8533.030745057695 6718.872095227954
6874.066462403855 8100.4745828627065
9150.029194253679 909.8683930134532
7296.501658968749 6762.527321303643
551.5326752528449 5310.64617067328
4522.37017096843 9909.73804383961
4941.262687705585 6492.338412000493
7828.537767381877 2226.712066014065
1231.1730093976992 4546.12083461546
9267.314413123577 264.4529640007876
5409.200607135839 5423.343099012721
3764.120161927109 4665.894817506273
9251.647417773222 1324.806541824426
6643.3362435533945 8512.218606278602
8185.519499246416 4548.666632240066
5149.667619386921 8504.788435909566
3069.9814284082518 482.1116182473728
5123.388076560305 2218.5093992573247
3881.9951563605728 2484.3881774057254
2343.5844766937375 5980.455187596796
6386.076614954406 6840.2669027298025
670.926200555092 1088.2750188455282
2823.380523801228 3944.6058363115376
3841.2212195584684 2391.626309945787
217.38607673969847 6789.44337218283
8055.978171476162 2608.943853667458
4756.185593670494 9439.367815790629
5835.640881314031 6063.324113046168
7829.297531565121 6403.102564316699
6378.861405454162 4462.981489489928
2501.923128815372 3679.7299898013125
6005.659008596827 7221.049542912441
2320.6152209267593 1675.4047109996295
9551.55736415273 4965.091648852218
72.72002282868506 1163.3612049638343
8542.486409575009 6815.074601732303
1597.2915871598648 7720.5481983705995
4829.892486232702 8462.209491939913
1884.0008847552037 1919.8742349711752
4478.027571453822 609.247855370978
1776.821340401734 9641.789928152795
6315.595818047665 3500.0172979368263
1064.3829240328762 8015.210859108262
9312.793592805996 8470.487339352869
6494.114255359897 6594.7125904238055
2969.121697716175 8945.0390730565
2038.4846800029331 1570.2788518086297
4220.584120018831 5888.154921399174
4828.41378158149 5237.7835148841805
5579.366846571853 6894.6464712190445
579.7493548529565 272.7911633140323
6204.10124239649 3389.1540939421006
5649.258334730635 3906.9893715369753
7004.146642204685 9759.282891223862
4666.49312597963 4213.385506881618
903.4285900566819 3298.7878825740813
7035.050190701366 7834.856568253615
1169.9451942015482 6841.643820910055
2594.8214761297772 2640.73318541986
2962.3086813313025 294.42834234628566
4553.202134031492 519.7869689915791
7540.867117758285 1119.560156491345
9731.965287828454 6302.575121929889
6417.399716173495 8430.263959524847
2343.817827584599 9720.126361778017
6187.130231322589 2643.7345560960803
4462.406340892186 9339.622388052028
2.1740119083613063 7744.183623240891
5466.882216310876 5486.685119239788
7890.996239542271 4047.8487284689413
4530.065592755952 4095.431183120549
9817.439882182736 9811.844547422203
6131.350837814222 5056.415109430409
3429.3686972766623 1359.881874718667
8903.220667241481 423.8420987301672
3262.4456842782656 5139.68708248851
7592.414905488167 113.94655580922897
2379.3064544299923 6429.836243768854
157.49703197760368 6454.160459059227
8110.261169806919 9778.178224980355
449.5755419637004 9147.82339980793
4946.75614001591 3430.8711341395683
1268.694755014108 370.77928107684954
5207.828019990823 8798.723618293905
7015.556932051226 4244.241078575658
7217.525376740901 1790.158575354037
1393.1804799487436 4312.149627330961
4595.78989178027 6098.453074712213
776.0438511196544 396.9014502463608
5453.736618365734 8869.800463894184
9320.21710997474 5497.365227989035
3423.2955393233656 1251.0871671184009
8535.365840030849 9909.705982456679
1882.54936397926 8130.112888403942
1672.2329112907908 1424.0114506351208
4047.6923819266685 7335.586162541074
224.71294915724638 970.2005567549077
7343.334868413393 5965.650814739418
7471.504098419279 8346.35688013355
2265.8754173778016 3203.3871247323755
7015.846853361253 4954.330324562074
8819.101462695424 4705.722826692208
3460.8266813237387 9512.557174606523
8429.6082306707 651.8875917070533
6328.445059456813 5219.687591004802
9017.233598672763 5884.81882366073
3339.071596673814 5166.734292583926
5020.608249412414 2419.2885593083224
5176.582029323004 9211.481279103522
864.4773333796385 8129.817794646416
8438.655313443485 4370.324907938143
3585.9664227441513 9653.478315142806
105.53328077599345 9058.046084595597
4056.902833500021 1906.543798769087
6428.348581791076 2443.580617530995
6341.788106879678 6652.489300948321
2526.856489055659 3531.7006837445274
6607.872068652785 2662.8534469173305
4359.156375785173 7562.798677110446
6116.503297291533 809.491441140796
8647.982290058937 365.0127658344693
5261.7713411874065 2874.482370536043
5019.98132751976 8243.434446450214
2628.048730649791 2177.22308141035
320.9861084994747 9478.07368267414
1603.1274271948214 4179.182713396048
7199.214508317029 7690.40125165823
5574.962093331625 6753.330584932375
1422.2908440100423 5086.54015903918
4243.897441258383 8451.716490428915
1225.3926743286802 514.3805544459401
4430.609976249096 3840.849415731403
6828.411162838111 2043.5967331764216
7884.2252816602095 462.5649001040266
6659.295756174184 1385.447415006621
5252.98951808213 2419.9610222666456
2832.141448873148 3243.557449323916
4146.436374447136 831.9783291057214
1958.890899845973 1028.7034095194292
7465.332012852787 5333.592345467443
5880.945439387025 9060.254020358936
245.59682413088035 7297.732290384363
9137.194139591145 4514.279191384288
1687.8382056431308 8413.385564692035
4106.11910152767 24.105524269986134
5677.110858253816 4909.651271524636
4873.48134824893 5911.269767908741
8527.329118141908 4957.04985336342
484.77555694112164 9450.485381465603
9255.43456610673 6295.670430834595
762.0892387959921 8923.627334937544
9698.426755989924 4480.51832121949
1393.9571040547394 1106.8020566731407
8016.875484429311 9158.161572685813
2224.9083826123483 5519.807461401908
4952.1205239643305 7367.037490382547
1757.3061119291933 8030.431149916045
2827.474583496924 1630.5855517288758
8820.908535458211 785.7032241988926
7581.951442819583 9797.452402134957
1839.5553988999657 5402.119306426319
7292.032096268552 5423.5019057862955
3868.208620627793 1129.1305876197755
7715.252847653831 1367.7318387460302
6838.95520466476 8613.599001686025
4626.618363495949 421.39839285183166
5827.70837439848 7536.653656712257
6042.574610654417 1563.8069804681088
7102.932109973167 5834.609570903536
3342.7525532755653 5207.901640694749
2518.041433356797 4932.381930417124
2836.567711478719 7352.483229765751
7274.267431732567 9733.859764764571
6247.987990016489 9538.045056657023
2408.5257646398663 2943.1733739745137
511.7862417963581 7890.248338959319
3365.144343749832 9545.277212839354
2233.2656498381266 7756.598884013943
8437.684165586177 9694.063448353494
6549.221673261478 3390.7146540134568
5348.839948198817 4445.866294222634
149.50106775358796 6967.814782224348
9887.965848182328 6711.715329692761
8795.537381225542 8010.1043917065
9903.981294247093 2724.3580676942815
3298.9383703586805 9908.405596246968
8208.28216809191 4760.69522122968
4943.320377497019 7424.4346992548535
2968.5596010773397 8063.9516000149515
2630.0684587072997 4288.5545702073105
5843.660556608919 8239.850410304753
6750.9479302974405 6721.711964457761
5839.8400567847975 2459.132877653437
4757.20577767151 4498.366038873572
4598.97933798561 3809.4903046042537
784.0957474498422 269.8843082617786
2739.701915649263 9923.329097390717
243.6867832778178 1928.586463110824
9406.472269926266 7653.695287526554
4105.384759189426 5492.050970208631
9942.463571997187 6171.7119085265595
7486.087096736946 8290.080722718792
3272.5434483093595 48.38442031566359
8886.296876941242 7087.638575523002
9263.903910529909 1901.3229711153756
2656.0267318661513 857.4567297778601
6941.502697442631 2042.8892853502412
9793.633298243436 1666.3845959691791
3903.614469821206 9237.234175297206
4358.1616207255065 2394.353298574252
6630.499472571369 5696.565847760771
2449.556497497334 4141.573934403468
4861.610165236127 4295.92212577586
899.8625743852517 9523.204859915157
2450.265448301704 3799.5360456761573
2616.9558274608407 557.6373281668579
3098.477916212534 7004.685936270903
4670.105083590257 6376.942663242384
8136.815020413956 2059.945070268071
6943.821249150947 1765.5353527908003
3659.149023799252 4242.689007796287
8352.475955609007 1847.98236790926
5335.449761402305 2705.7979841310807
310.7412459583048 8577.614648751987
1752.2212738017472 6934.341151168266
169.54791827442196 9032.398532798465
7141.8055985280735 756.9972534031344
4011.5975213777565 3017.379970649917
2704.661841717042 4432.504211038218
7111.083961561438 4744.584181617523
5251.189943901489 9218.919625881845
6541.21322372601 7957.647845083657
9492.919579325591 7035.603411562078
6498.428552339957 2219.561790544301
4440.306883249433 5118.890188871054
7517.497596218308 3016.5212416592813
7963.355176637914 8478.734732050905
4509.882468517674 1055.1693171529464
2142.4051939453493 2738.550269261888
2831.3003588604533 1513.0157607399265
1897.8344669288927 6110.426927587935
7790.64485784201 9125.08596359653
8340.979889925487 7637.660924362426
9514.280800186289 4125.122571583478
1515.7896388433146 9114.247174812508
2334.598960486847 8002.7503039036
5239.342417092846 1154.4449808943803
9703.084230955868 4096.168279307649
2340.2095944545963 7606.785139466969
2753.074886214626 1800.341622005115
3715.5782369959334 577.8307473805467
6241.1080532281985 9776.058839257608
2985.7495219395646 8104.709461265624
4305.314198230622 3403.662969220338
8763.834362906102 484.77390360918804
751.832856552459 7981.096680765457
2928.7085846128934 6276.684640039121
2524.043038480723 3712.7682230222536
5197.044911376069 2829.62582630806
7852.778247617229 2403.012064446811
2138.2581842547133 3741.175098426286
228.8820024909055 718.2922480701004
2095.5369566306335 8103.523802571703
8709.21218972249 2851.5350971918274
8521.031880556695 2177.7602073479798
9169.61825160672 7718.256043502255
4703.765975604455 9771.793074412082
72.96743072661927 8180.7846936057995
145.44307329933724 7674.096281932019
8372.124702159183 1085.4424970991606
8934.158247736235 6320.380309894314
5795.340086652248 2038.474151133781
8270.09958009055 4568.387139291687
9013.513341189062 3784.605276313483
2917.2924970421022 7262.353356262815
8868.970512958891 9951.300870756348
2981.3064062694884 2404.434889370312
7602.410367347353 8012.183204091388
4972.236018283118 5862.821103678541
7090.5932174418385 4846.203443764891
4602.113302232244 4072.139127893023
4846.303581279037 8407.4029796127
3745.1425668315874 1476.8885284513067
8946.309919000489 8038.494769514586
5001.905052716668 5138.642412668621
651.7729066705036 1082.6662474645987
5311.322603143558 4311.698058676377
1476.1823032636646 8455.749977710397
2534.486220014348 1194.1045237147075
7568.027247347668 1272.1169849887838
6674.903039817893 9311.427400211729
2212.4969300125754 9996.127490784444
7922.938229304036 6757.740496574084
3568.310853846206 4924.978867297373
9701.840886794425 963.0025618826398
6436.334390035579 4762.899264855546
2352.414867735604 6064.954024031215
6688.227240133786 6169.184903857944
2139.112414078922 4614.589647468191
3044.3550474816384 7379.625436012419
5173.745229548701 3158.281739444546
4730.8392370191095 706.2995230537506
5930.825359304973 4288.70805446896
2161.003477546801 4664.430524504992
4849.675211960951 6133.776372841629
2731.71598462711 3260.6638041694014
781.9856672281434 41.48114625804
7473.601731263895 5082.970574592759
1715.5956076437074 1787.0749129029196
1334.68346437992 9291.3912761899
2195.9750456598404 8849.513642331194
3500.9124868276044 3494.625226507907
9811.168015711473 6749.276679946696
951.1708169216438 1150.3198224001621
3770.286373072942 6220.4042304116565
2410.8974411421245 9970.012134865434
5858.895116191479 3781.189878473442
2967.4815013348234 6839.776208741154
1330.9492655559818 459.14007106976686
153.7449180376882 6607.0521578764965
8713.289604988604 8188.146814169236
4316.676083669123 7556.033666676959
9793.911546400523 2067.9219494929357
1088.7796436756803 7340.779217671927
9285.325113839845 9844.469130240432
6449.5413130218485 2530.6182928902767
9550.346127811034 3611.827032839371
7183.073673584522 2609.2220602714433
3508.3889793119192 6965.44541920505
703.8207642568195 4698.668241243712
1018.4739458084646 6066.758612175358
2427.8616184112566 8511.506805391962
5299.40297002541 6896.840686373939
9189.438709804852 6517.7074113994995
65.99188315065786 9053.338810019852
1998.2300779882346 4571.875699758589
3727.2946896977155 4282.847918933873
6309.610065058626 9804.860853766588
9913.114169877785 857.8438363216189
6506.504772556035 5460.052926550586
8520.8486679263 7755.377647271016
9992.515812407322 6459.58360320425
5126.788994456167 8185.176785254041
1661.6041160682328 6970.549583161467
4547.471493346347 2269.6799506526554
2844.0103750761136 2314.4288849501804
7458.431286186098 2995.1674950380057
6125.063032244253 9418.645901110765
6640.301681598145 7091.895909664183
1155.6469029845161 4045.548270462568
3165.717637529385 7067.262349807949
6508.135172096212 574.6487867391925
5350.795961660549 5281.941564502578
3783.153980981004 3280.0729712149214
6340.637853531323 8761.114858033898
7734.519930574818 3077.193828739878
1851.784524165997 479.4953039180383
4371.475956106915 121.37037901721159
3497.114454997039 6093.582590857714
5157.924316898487 3991.9167354245164
7049.698064561853 9096.880461250874
597.8871307970335 6482.005907855435
2871.223129263658 4360.368230147918
3099.125829720608 9187.721740883733
742.8650615913147 8360.89772632759
7773.623559910835 9861.808234141827
818.9522478037992 9955.004022405265
6914.88399661671 6635.150713479325
9017.754704822595 5214.621687482043
3493.0097824932004 7424.502084666577
5073.26695662907 1273.827307450881
5439.904259129469 5672.638608301948
625.7220262219876 658.0698553597153
9997.384495882743 7129.082814877567
7982.428121478648 7957.374178471343
6624.623077541172 8207.922627056878
2791.5960362315104 6106.8423103505065
5284.970257956424 8966.532448569851
9082.121525298488 4822.342313264382
7442.141104266796 8448.954371542912
9530.604722575981 7156.038446560677
1561.2888488528597 5049.898877629147
6450.808221547035 5748.8579813591205
4999.230155275191 4587.866040110044
5322.192723647702 2112.9757473372424
4937.867151079466 8449.768130714147
7512.416855353125 3639.485529826929
1066.94828159578 5488.406158545703
9181.022265751839 1498.4946891811812
6848.515409762939 7739.785620131164
6732.816782761015 9802.010019524443
2413.8298407332704 6563.292631468417
719.4353744409365 6252.477349051333
5875.713026135091 8311.761568277561
4585.921718252 3739.2265366415113
2275.1900458243035 6339.569852582899
524.3253558395311 3600.203642883648
9832.712653276498 1347.0207956138513
1272.1128427184758 8682.04786927725
6436.478110496254 5116.041943969491
8565.153476184745 5432.819501332981
9636.778855307073 8992.0169075449
7909.118075998508 9942.00640672864
669.9951260227189 296.1370233929872
6651.585220380774 5797.22570634046
1283.618816818567 6322.145065601683
1579.3534333894045 3328.9206445660548
5411.402267116614 5085.162978564825
58.12443515099353 6197.3051378164655
3856.108540406057 8811.291531689276
6709.284844966726 7188.698147927293
1982.3137163089243 4858.738115587354
6730.27035882069 4129.684178236173
2656.5167258474467 1967.045313952156
8990.124348238684 1815.8883469233845
7227.922317961453 6215.33386475839
1734.4813905187796 9400.125464471446
3361.6829698383567 1837.8409460704004
6762.869333840265 5265.258618932776
9885.940181687612 4788.680896355961
2227.220087343784 3601.6595874530476
8239.999647743596 508.37658830146904
8217.759277278648 3729.749665156593
2412.4026760789106 4892.188849483961
9082.239602285674 6226.336961543152
7437.116425739605 2904.8527266773417
9507.038994565526 813.4757157107497
1689.9934366893476 6323.629261526686
3593.6195583039275 5663.900004252247
379.1472576382304 2184.4347713379775
7657.311083762512 4076.8653857456507
7735.234706080364 6226.382119676119
8978.459099497504 545.3485764287447
6128.843869178308 6685.654011810777
5867.394518115231 1183.4423710296116
2029.9796118090185 7445.573695226175
2997.2299272013815 7014.5942939687575
9629.42393848211 6535.935364161408
9460.992500872066 5332.900220318467
1438.487455559826 8568.864999965499
2007.5182216314736 306.00251360314525
1930.8620991956716 6280.062039894017
5396.6357467701955 7602.406693646391
8500.105022974933 871.6762166936753
5995.3883373107665 7383.897283881026
7610.02435588114 3163.31262587637
3949.9528837205376 8189.509913223018
1884.8081868784316 7281.896216157682
3159.7798802486955 8653.50815663111
325.83502403647935 8271.823793151218
8565.577653593753 4627.561844933845
7261.951466759089 1084.4642711404451
2178.875781566718 7818.437161100414
8656.969717234266 846.7082105981916
9677.668050332268 4275.147590665455
2393.8483259616714 2623.818510286322
9134.8999800892 4272.937696102999
4946.243206490436 2456.8840162309025
180.712915055512 9332.971752806205
1739.4949107454604 6016.629654764139
2883.5060921894506 5336.593384392808
2245.541900884047 355.65023125213037
4894.924943827756 8701.538083058915
9600.279696900248 2368.6745202973025
9975.265612910704 6627.190638745556
1617.8078840897315 3300.289147280574
7132.347579883207 263.71866410255353
359.72469856352717 915.1249513405957
9250.686428894222 2169.35018381603
4993.616780959138 660.9229768345126
5601.235508458711 4078.815300559675
7254.429062724341 1087.2279514090433
3494.3890107461107 5402.551903752659
9239.935236040252 7531.481970101426
7443.190255600765 7033.92820222268
2559.851982855895 1048.3002654480722
6602.955972485669 8638.123738104205
7400.208488377002 6417.400636170072
4406.134142667982 1624.8662342094776
4377.947205770632 1698.7181391365668
2583.251636140862 945.9480482053018
4255.682976733453 5436.381805321488
258.9956886279998 2321.6909792187457
9777.52226344732 2122.793990114974
1363.236999118439 6277.207409420013
5928.659396694208 9239.336145925772
2389.364002376657 4737.6534240452875
5841.536619365805 3738.0421260695007
9967.7688579896 4121.611500996218
1612.689366020813 2801.2542953229067
8546.115468507776 3575.7190785146063
1248.0906081130704 3231.312904061381
6216.3179434321055 2989.085835453781
3568.6714618401406 1678.5431452920607
4906.123554618669 5634.955992471748
2858.99023532449 7523.713939553757
50.02650483185156 8710.512033138548
3942.1655257933785 2721.950516673033
6629.1442251250855 1992.939377907309
3842.619056569423 7369.124656586655
9612.869135019862 195.46641961979304
9645.51323844862 4304.024046545245
3811.529743727051 1268.5837942336475
3138.2887176849795 6456.03713708531
6789.952702983312 1107.361074217551
1286.4754915462017 644.235471863972
5947.087790944265 7101.16601534433
2971.417992207037 265.44850161154045
6882.997243747273 8239.36627384294
1808.5473283027309 623.1291867366207
7292.043685687165 9337.222450899195
3517.3356196553586 6265.245567504961
5155.233656908464 9273.144520883421
5017.413393181778 988.2472920410812
4580.343361910452 7134.021358305243
1264.6955934638593 5513.962656089134
2449.9114038929747 1619.4703025007884
3290.4561496729457 5791.3947759099065
1908.5047937584266 1694.285656298068
1987.7288815786799 442.24048837067767
8571.968088437903 3425.089315325027
6198.447304047503 743.4500076194695
8899.750883183062 1432.1493202737313
5894.642878000946 4386.462772653416
5905.558462821753 2782.213219533095
5792.0490081112675 7618.470606763932
406.7546128080435 7129.760388676384
3058.553441645567 2976.6649073356366
7252.895872769855 1604.5052498244129
7862.6937519354415 9421.636426729478
3909.341636477662 1655.6050828859193
5618.466308338429 6027.420530276688
2237.188094821736 4034.345870772352
2152.77158240458 9756.917567801549
2214.873760261422 6221.265949980202
9214.494003732014 1373.8021403525747
5676.4256492542145 2203.545589427699
5401.982629934713 3296.860349499042
4131.130836175825 6696.999464991782
1393.2922501075761 9625.595454671477
6757.718566178978 9154.914217890762
9772.691979944198 3601.74994555988
4674.396156459388 9825.810170134428
4018.5761973611156 5164.5284571158145
6226.222312875996 6449.541890368005
151.37434741503864 2903.5180478712264
9086.269973655402 2993.2754779885217
5096.63589712521 8086.279890131684
8407.507933067829 5481.931125400915
7081.964817080299 1627.8733278995205
2045.7713693349556 5903.692128346422
2685.652811274052 7692.632918110114
290.53212755259517 4761.373723913442
9609.018572646448 2624.4250902793397
8856.824904149866 3634.592813473628
2748.3273970028445 7367.494343201751
8839.329517506038 6758.767929282583
445.2332429417671 1605.8334026141174
1433.9074989747157 4586.828997193835
8893.928947695196 399.132455100979
4120.311065018524 6762.095942218619
2456.0054690121 8942.279392298902
1425.3214961142103 6379.189565783193
8643.21994246824 5566.711622368322
5736.942258918517 5680.68603887442
5228.466285564917 3177.532525988378
3295.074425187031 5364.306666283775
9237.430276205698 8821.202260600743
4147.338029191408 4671.741251298378
481.46967236585294 5434.404684643674
673.6060198957194 2686.8514992208857
9773.642708171583 2537.540596570842
7741.701249759082 3654.325199848574
7267.702814864781 3842.3677405306357
8695.790682482804 9221.949439605953
8283.357260222005 8363.894807836834
6334.564026974607 1128.704499000147
3662.351834507409 4820.7391153390645
4994.209506521778 7806.525630390763
1975.4765210684654 159.47943213647787
1757.6873502345436 2308.2384385361574
6849.878069898532 2581.5696947136657
813.4213316508376 2036.8934535857063
2843.659140352539 9902.674778291752
2613.0641937820255 5046.737057246553
1710.3771174531346 1919.9662919606585
7778.758218298513 133.6713313046367
795.7144977371089 348.3370612357006
6900.437947421788 7091.951695237697
6106.286672204564 7695.985243771821
5436.203640382017 4445.915572789151
1637.489317461247 5407.364066513351
9682.554420997962 2820.3131733792343
4469.569953421141 7612.972406310553
8343.443094530661 3745.3459736426344
8066.531989285653 7788.1997092116735
6380.118865405529 7330.2027360101865
1104.8460884406986 4109.661893396395
4691.767761305991 8536.995262332513
3806.6307513149177 587.799526397832
8274.746032504972 427.9117066184257
1927.3412526200273 2499.620164161411
9488.081707042464 6223.740812677614
2259.2499315203418 8437.764514265484
8587.81589305079 4551.033111441879
3897.589349897822 5006.252537412077
1297.8894776341876 5412.45490083478
6272.72462668022 1306.6441166829322
9246.625607768116 5916.9722164789255
4008.157686977276 9462.857568963533
6597.429150901464 4807.775862792539
3142.331977656739 6373.74420670414
3429.0524167931535 8340.66031306914
6227.251767432966 8245.655745342754
9287.523720175792 7998.512736693376
5580.566705409426 335.93708652095324
6371.259044947909 5588.201063534482
8364.7677901043 5388.4676145186195
6890.520588107986 5155.3738379589095
2887.8734268874696 2727.2241037561307
778.8462483768144 9268.638164558115
2084.337448968795 7691.773050822993
523.719626519188 6080.995723585121
1760.428443436215 6244.920193370983
3610.9246102150005 3565.3041589302925
2165.02149912132 1794.9738740269584
4908.493932780919 3942.8548181180913
1886.7548133520174 3838.0473558952676
5667.780042057401 5491.988299246249
245.0375116354686 6783.099307310265
8136.666210263575 7528.961217009823
8188.147532021758 6448.281969785264
619.7448319410914 948.4821352057749
8947.286903399225 9123.243464850364
3522.3696408515216 8526.06715451592
1263.3345788314664 5723.329381528422
9511.139744291586 6893.547158284482
196.6427730132292 7185.923038791001
4210.863592467561 852.9711660049011
8268.586547077253 4384.669820871022
5751.568896242858 4702.636661969346
9594.643210916709 2398.571709639569
9066.830429492817 1150.529676075659
5732.30042222722 7689.730065758651
2290.031445462074 1965.9354271474606
1529.7273094900543 9603.2346967989
7946.152033503141 5200.21567870865
6363.9671036403115 5496.877815864418
8729.237141043244 4665.3162700044695
247.4597939073786 4301.038653871605
6569.656714350776 6900.625357109624
8146.616108321442 401.4248464058001
2075.572606965639 9450.689420322642
2767.794138808657 7525.157381959623
7874.0501689536295 8990.444022008076
4181.540158062697 8835.6302327724
26.68562171272537 2710.2727123780114
3936.4763823512617 7944.278268901049
6370.349348983961 7499.986267058905
2112.0651034535576 3067.2560169737462
6994.557168472746 1807.3704150631709
9443.830060066604 3954.8077418463313
2471.132899280349 852.9073197734316
3009.5178407869726 6317.388791311119
5729.411591007692 9106.537261061267
5350.705023302512 4882.664323806526
9974.77335256464 6386.581313757828
4610.523630448627 5211.980313115643
1282.1930165221718 1839.2717778948097
6693.803013826348 3131.16731554533
95.30529393996123 4790.23584236097
1526.585055056221 2948.8661683103123
4947.6465466968175 4300.901559200367
5091.420010778942 4566.762490797189
8453.346745485858 5005.0424437070105
8163.09809087744 4952.04599319253
1790.6845986183362 5857.238375286056
1160.8750624009945 8531.345960835331
6527.363117046301 5890.978698240871
6534.329808884786 1132.3761774794928
3395.080890273483 9960.459603639665
7002.179966963533 4323.309054215672
5570.08430920593 7982.223622751518
9463.828845502014 9593.179567062507
4354.387953445511 1584.0178082221535
6175.90311073238 2551.6192715841544
4893.133918273626 4499.387308539456
4481.210550525482 8065.979536325966
4595.018754433855 270.59146128589396
64.38121105724504 4288.435416226695
1579.7361916173547 7783.478207938164
8202.562608723325 5817.99186985287
8719.967858394357 8853.153827521102
4235.568733550264 6642.276992011801
909.4498742545986 9016.221087890422
1122.6288251941373 6007.937199549607
9864.385923450485 1619.3842940386294
6616.469967367358 8656.661407342694
7261.791418125026 9603.131695917922
8685.030770459114 6690.5508919509775
1198.6433484872116 3263.248499207352
6342.497696796089 1439.5261465091492
8993.805041062742 3550.2302519289974
1588.1130974157575 2453.381313796771
1251.796901516341 8147.673826423489
3928.5221534127877 6820.462569525159
8824.922279099574 5338.877103514888
7442.4634142843515 4671.393073913164
503.27072555271246 1442.3000283240183
6449.285726746921 1515.6851794629001
5969.200425385707 9920.170544243589
8704.326685697815 3036.5865142228345
9418.826691939461 8454.995900206395
9964.414865639488 8847.531345156005
4814.5489405405915 4592.775553114537
6819.917661543384 5347.9280009626
5177.7314996732075 8559.84613887782
3184.3513590604466 5367.483954828201
4071.946777842799 9704.911171097006
6653.429389328959 911.2110320741829
7242.988752702157 5422.549980252706
8528.400385004816 2810.928216519233
6624.381369958217 2808.19651565835
879.5872353571543 9015.034314338092
4244.9154099226 4180.397429559231
9618.100031253338 4995.240735864227
770.5323498630379 6810.684814386637
124.69182945616497 5733.630699438148
1790.1722077140248 7216.5698366104925
4447.183244556627 5201.897184359093
808.1717448304005 2900.7311445482032
3880.3789915521947 9307.62349001113
5480.0398095687715 5824.691960562228
9709.466422760543 1641.550124737803
1857.1632259319558 6362.947208628889
3525.6955379268416 8793.993522383193
3653.5510909263357 6700.775751637508
6679.372930216047 4506.650414022708
892.0817420607741 9254.170878247325
2247.88598310767 4253.289806911797
3931.2376001697503 4266.426885544186
2060.493200273933 6080.165910807013
1980.3997800374927 4964.463190213117
4688.242179707591 9436.63635035607
4272.552563413995 6568.062019158555
6485.273765880558 5723.046293712348
8221.990461743266 150.43376751139868
8080.607677308831 3161.8225863963403
8627.401816973597 4885.860852686019
76.67482392912595 6269.964870709376
2955.4820404549178 6719.8722630430775
1937.8908207015434 806.4059281735836
7397.531900757358 4711.934621749203
1558.5416166454747 1555.4926767271004
7068.5636436734285 741.0988733892887
5014.626606821377 5350.824514421938
9831.305755194813 2897.1635099254336
338.63844811594987 2326.1613855505325
7576.595776095807 3280.629951768841
4739.736452457188 6313.446926327138
7465.79346991659 3141.792186716038
2220.516279817134 3950.883108686545
7368.834169745672 7885.323116203155
6723.428828351093 4251.027189330343
226.99609459390203 2080.3558296967585
519.5503499311483 4928.871143728116
6860.146645753158 7489.109494277923
4169.254365405391 4849.9344480376885
7771.340410654318 9775.00173120028
3446.556388080618 4003.940107889209
5397.884253395107 5227.4879017135545
3400.2449866295437 9141.76609336492
7255.64313211259 5322.241929249475
3964.753134867074 9810.159503132767
4712.535393837732 9638.299735827894
6820.276078836868 645.8240540931926
534.8785205573181 1310.9051605071786
8757.521899519208 978.2501423790546
8372.580295665499 2956.9387802368296
2338.56940986771 1667.063911111699
2322.1948561202867 2237.403971234734
8094.8109214797605 2890.889012050637
7722.247965284941 6491.796396818286
2764.536792518476 8436.89508530855
9060.397242293293 1294.1751253963719
1450.9438145794252 6115.856503113205
9341.582942779512 8116.437973117393
3671.109815819155 7090.0425232680345
1194.086729221243 2749.5697284418497
9221.7815893427 6992.0123172343465
1959.2935747180939 4174.878614309238
8839.109576383269 7566.878981507332
3500.2788133132813 6350.517142571664
8256.977429889172 758.2657115676095
3589.9307391632005 1108.611755378476
3307.5474077215395 4082.171252879897
1980.845785468991 5806.104812920846
6127.738871866633 4738.166909004186
2667.960627617877 3950.998758955486
5382.164995436114 5006.166172478946
1671.4335033248706 2243.8811586303987
9725.90254735003 8199.147770088955
6958.890741911913 8375.55594351843
5281.9015029645325 6251.106460582597
7154.624236494652 3554.775545152442
9853.084012322164 5957.238944730502
1019.3486951014763 8319.530628636354
958.6629945075631 2245.523314189258
8382.016716257564 4525.806549342756
4097.024660979024 5665.363530916112
7165.622301546777 4217.678909196261
2961.070855353728 7909.3286396371195
3678.3908718777725 4437.625283688148
8606.722890618512 7022.338838072477
71.21777216412828 1846.9030032166168
7760.259299994022 9659.873974495458
7576.93263025195 8572.679301028053
4289.278441210129 2158.9185095663543
9294.977526414665 36.68746729071803
768.6724788983745 51.87901437344045
1826.871496929514 1776.8980244638055
5712.851409392237 5699.133013144093
7668.477481534933 5301.828551897146
455.86658843466574 1381.7126622096932
7887.195647151142 6539.642525952313
6868.524041827995 4240.831684071037
2964.0506121896537 9298.82312203685
9175.945340825632 8719.253311676022
3084.2564163123498 4866.050320608198
2906.9174240342422 3566.5971559379873
8690.169430492315 3802.0384146117635
4238.913564806586 4700.766643855435
6657.900316791322 8214.89555209096
2683.638098682256 3234.302825715306
4433.08338531111 2352.266129902947
1373.0110037419818 1590.0093792734892
4653.53775088062 2784.24963823667
5766.713848737712 779.8498563075129
6805.517382766538 647.1507415661725
53.131898209557434 8444.826801377747
6574.213532004037 7606.869175596474
8191.657916383174 4446.542851855225
2818.3572642355757 9548.900944420999
1033.1495518824775 8113.198993776651
5334.719018221811 3703.643176495597
2987.626684344641 9488.132690455368
5925.338876750048 8125.440819015156
8204.953250764538 5305.736660702811
8727.978262793304 6917.012542747351
7062.918708823493 8704.055451094113
9541.585303431106 7147.703782480924
8325.49307572268 355.6835173096962
788.1139058285713 2967.2439266877614
9181.737884502003 6312.28618340509
538.7818370746033 1624.7494153325615
1326.764036132776 8486.461198581459
6738.558226429155 6627.98424681956
4239.320747531088 8549.249433017256
6546.632559379572 7440.898751488746
1543.9873051977181 8712.829319975637
2296.2796720810466 396.02625774277425
1901.3778026053762 8642.591613805305
2400.761978204503 4343.110371965916
7632.877503891626 1124.4360276587195
3011.3956676227403 743.5028928631638
3921.322210865168 5073.355503678431
3593.7945161361863 6029.160294621681
2697.625942358792 2179.171919026626
1451.9994077799624 9707.971700547298
6071.209706811759 772.7561512211456
1702.3136115148152 6018.25360446828
4219.21268424084 8247.124364262505
5816.5917170742605 2946.279355677678
7686.466842767844 1680.9493605666503
2814.666326631782 6067.591248246832
6840.496930677711 1381.0249979343237
4261.324677242006 7953.978221564504
4975.297131967992 6098.625953801657
3622.584786173951 1973.8353834788636
2032.5020508451908 7331.429418669259
3028.7875530564834 2134.229412351233
5204.625517454422 5183.74149221428
9934.204820589279 514.1024929056804
5207.004121174283 9423.027249330442
1346.9067908127818 8601.005488900602
8583.666237038073 8021.913312549093
6608.259295904202 8752.703737273423
470.97416694047547 5642.0796970816245
71.17188137549135 5733.602360993034
5568.321173840197 6071.443368481021
6896.847878004991 4401.496664908143
5657.989177651801 4488.626480855174
3725.7098149067547 987.5961799927013
833.2300589328335 2180.026301390142
1925.7219970410476 8975.623373840392
2490.076889053501 7915.8699496127265
5095.709205789431 6695.989008441089
8598.31468769844 2031.0473614209977
7071.40235811882 7455.050050802575
2725.1713525022415 2544.9221486103124
2569.265475767455 4344.92364669653
9726.147838016908 7569.351346316627
3836.693175296392 5397.049121582528
3076.485341790363 9568.546752351362
9977.918955098365 9366.580939037154
6448.555781662804 8017.458843865014
3042.0725743533717 5446.942111101633
7908.870883300181 7895.421704323474
6020.24259389828 6230.250786904085
1367.4481004488348 8965.331219703907
4395.003378689389 2228.7504320040375
1222.6643953215266 9690.561487384612
5283.847879469632 8127.033756848155
9195.19191569387 7520.840629527814
5280.144760211923 5387.901657198725
1929.8370769749286 7111.717520064105
3245.203890641891 7169.302334724739
4172.526034498231 4699.187190778649
9987.103668756112 4361.761506587264
4551.6200989964755 9323.461280071882
8855.091263975486 5729.313694650325
9123.439529191339 3738.059603108549
8228.788917119022 6512.570476917636
2508.4473365358185 1386.3069987541587
5089.265406167344 9840.071509386971
334.9073550796966 1599.2114775099753
6583.522718308193 3989.2999564698293
6234.810472342871 6245.03882132757
9908.838268700569 8273.352663870974
3000.939544561546 9773.72226880466
6585.073163208389 8337.777276456301
7662.429834948259 1850.0466446417418
9527.39243975035 4229.234249068995
839.656918479893 8013.76040263914
8114.8525407745055 7376.585585192286
462.3054894881773 6128.245080878136
6360.315652049257 384.7453340738627
5321.950794641367 5334.634258764376
8333.553112884714 2547.8705513387436
6389.777779826238 6342.316260710289
2733.899345535611 6507.496888124692
4772.224149771144 1225.3791718802054
3671.2821189513534 7528.155174488864
299.50759324034016 4784.611414368414
6563.8802577942715 6800.7520559741715
4941.999887731845 346.0829540234644
2899.1739110587587 8790.970261224316
6201.159428814429 2381.992880795953
1093.9764204652192 5044.322872648608
4633.2910531496245 6709.573987016002
4499.222108823605 4954.347859941574
3470.4275294947906 3356.0994439205137
506.96077924822447 9979.378878885575
9103.707235834856 6431.475162491559
7522.001658510583 633.7328934891706
1645.5637061301188 993.93077482818
568.9131918114276 2752.876892960896
3377.9120896924173 9058.332832205646
5835.774755210617 8063.5376623274715
3980.027378749197 3772.4418074497066
9564.442985597909 1009.5940988239671
6771.467498708159 752.1630046252881
5134.145896709945 2784.4800630944756
5951.211916239897 4922.3778372278175
2816.521579604654 7377.009842120558
753.0836800877971 3174.270208450124
2504.2830122365967 7599.981092879359
685.3952338242586 2626.4297998459506
9546.75442813526 1049.469557938426
2993.5519198942375 9634.014904664095
2230.9491376308556 8779.41684647527
762.689108046597 791.1030026252519
9426.697873100484 2452.084473984503
9358.243696604297 10.545926453985333
2698.9041737126963 3596.8955534891766
2080.271133546714 8513.872232291465
5187.4221323154825 8341.60490127902
6489.942506688596 6332.726612806564
5318.631370982125 6483.884981483272
26.665342287346405 886.1384642235115
8861.544790135678 2438.7419356028527
4489.46440381172 4380.519922121692
8825.256896959268 4438.484161944515
5714.687486535364 5983.748656759732
406.77722489417033 8821.752727120347
2980.0561512200243 3766.1881213050274
8392.150265761724 8657.098362870402
3400.6869164346663 6781.3936658712
6862.815530018168 8178.869979261937
6286.902568872184 591.5277467407498
4368.407732955719 3512.88769736401
6784.9599867152165 2323.10319758218
2532.583440035422 6817.633862403465
7450.526637114826 6990.515840102196
6731.041042629196 9870.769002303716
9853.21280137037 547.7265274551579
7564.829059589112 8853.265470104632
7611.466029183287 5604.900930129871
1159.697828217785 2576.9478320862972
9659.834522156847 8956.880280188148
1655.3604796841848 2059.807650782447
7280.624311398953 8238.82328687668
7706.696985632039 2558.0820403971447
7137.400130087528 4905.068004275093
9795.613223757933 9009.35906366666
8629.248580163228 1562.817750214417
1318.9245986934407 6533.167075873573
6379.143796075218 2496.404956328261
691.480829160388 3914.5075745598156
9849.575720299801 5196.998824360949
6953.785831516191 7507.014117817706
2456.001682346782 8500.931045976822
6771.415233577534 2277.782351101353
7639.520110438388 7673.970193625403
3524.175606047184 8073.563793163126
8512.013943103708 8389.392243941298
8989.103803137541 7573.712958648026
8322.683783268474 350.8270145712189
3659.0728810934547 1643.8357638615864
1947.8641141180863 6502.487028178257
3019.3911466506243 8383.532854922487
6060.245679703557 8281.427109077593
2729.4258717214557 635.4966131092376
4272.032218618317 3837.869569417032
9786.1951795764 5660.639115258073
6119.628287038423 4952.92546986281
9717.0414284074 1304.3904213069634
4935.932558837432 1689.2991265814949
1884.4563999550346 9218.021874454278
3808.732199797031 4320.976774711478
9481.644189763094 5523.65216160326
2422.472082086584 5020.22049377437
4553.820008467579 330.2922668268615
5209.816964265726 6613.7814981534175
9381.843314506414 9069.573258191616
4575.094287726205 1792.0772652598348
6652.860716453235 4011.1274691934796
5260.599815498465 6430.87595316288
1504.7273552921524 5122.557880212808
7140.664283684355 8975.49824249219
232.10670453454597 908.0932385280538
3723.5403019815117 8182.154228182407
6928.928220889763 4347.303435299309
6346.7947805335725 8419.894576029837
6798.605673065254 1341.559551164938
8406.526467128364 2767.2602539887926
9237.63880397059 6884.538389657631
1534.9339021283438 3103.7853109498083
9588.958894975176 2261.1173244813644
9818.099828481476 9466.307028446048
6264.275861023429 642.8823550752294
1241.147004326627 6524.336295086649
7730.3465750943815 6186.101573918313
6947.31829507841 4683.800151550798
7840.808487370936 8553.95076311705
3221.4039055151143 4486.532198362135
4659.650342760988 4786.066195264452
928.8586453277603 4707.312400144921
8334.968812817511 4184.979760441814
6518.929744533536 4901.457114069128
8512.56192492046 654.8395972774756
4771.516317944989 6623.272493095071
5495.407032876194 94.32111162805512
1622.5990697249026 6862.209104492795
2892.550780453186 9878.154466896589
4032.5697682536934 7776.900397484936
1274.5814341551975 6162.334081657917
4940.095039621515 279.93229282806675
2596.362779157556 9523.953841121272
4534.518499570955 5817.27991272735
6956.763006438521 4690.804512740615
9230.700174410864 2812.3908055892434
1254.7322247086722 7058.480906078992
4797.958123020862 6058.044790563342
5974.711729595191 4884.7459656797755
468.9494811228645 3582.3672942633943
7321.751328311397 8815.37212916235
4580.364255912756 5311.854909005503
4820.999676757975 944.410693921126
527.7657335157415 6916.807514323455
6882.93352052141 50.240548706715906
8911.34671098203 3588.676683879671
635.8592385699602 8329.982599743817
6187.780687492553 5018.141855627295
6905.361508456605 8425.313912444672
864.2115005753426 9792.640466111681
1184.6983404873456 548.4508900005991
7224.910944483095 616.8107165758053
9756.759163978179 2005.824168716074
9449.405356464962 8553.076676520917
3020.14824783983 4933.211269643969
2309.200169125539 2939.0177446488965
4304.3335789631265 7264.048606235233
5835.984177969549 2437.7545369927966
6790.708029739211 4730.877009766971
710.0878472677663 1303.2601992636316
582.5276902889887 3457.3894231026425
8753.231829259597 5374.538161891539
6759.002426451597 2438.574633188868
2403.412223128378 1222.9705936229918
3946.0978994069806 7099.181767011286
8833.007340511043 4996.577105813567
38.43816922775578 3607.87370159505
740.5782720306308 173.12965775308942
1368.8165873221203 6377.873588934256
2874.0585516848573 2985.4804949434633
2009.4496710661713 3030.7754566625413
8567.959261503149 9133.183831054132
2409.86486764915 7642.196769573498
8150.5581315750005 9247.549643615459
2822.4432011880463 7867.189691018099
44.13314298912674 2867.7438367494156
6339.933330032917 4388.4480855361
8041.140849490127 4144.346458325442
6178.4104306735635 6202.714675047233
6413.989534838424 1498.3939411787462
8028.022848341727 6165.915613471204
1814.161560045139 3633.2665460684166
8020.3789675168955 5130.274487487856
1481.5328317450826 6189.66558927197
2745.3843463483154 1779.5885387615983
992.5871619801052 4309.937211982604
1586.7134913947368 2194.0840407657947
8879.118141651277 6668.50332009047
9675.92510808932 5171.3632486514725
6753.197067479036 9823.688931961326
205.27725848166423 8890.560830577206
3229.6573690546948 2139.4121451668957
1253.7632340781824 6310.55288776124
1272.757518254799 9426.135492768542
6886.270641819472 2416.7764054077625
7526.081831246772 8825.244651223931
6301.572097696725 1917.3709755361067
6118.215165701482 3603.9999421777748
7636.503301924507 6050.495035100354
3183.3700435209767 1612.9994271035896
3092.398443171636 9938.841922457394
5122.499211789283 9806.943277823033
3633.694817435941 5463.112990417926
3098.125668319537 8580.435408043524
1410.4819336452256 3645.228299359794
4262.5689006789435 4647.909496058212
6069.5597450249925 8014.680183884378
764.3957753342701 5636.285053758698
1410.4437778825795 4189.903501278146
1010.1609955499513 1891.5179732728882
9845.7845750513 5187.800275766658
5203.83245055628 5145.348214782825
9982.31889010052 8658.53936954318
3881.745713290894 1611.4661569322263
2401.6650880866673 8518.91249388737
1713.7549188147827 6686.816176825536
2460.6746394187962 4168.633968727403
9805.562534990582 1235.7669845534203
2087.393290702472 8780.060030016411
1718.8311272247236 1315.0021744381147
58.57501758934958 4757.051881888363
842.3558205420245 8342.405858339358
8763.506252041088 4327.510158802262
5081.497248756957 299.958949901008
444.322653995487 9051.754833687128
8420.128331730015 2588.603106439247
4885.433225446437 6751.183746947157
5682.747547757646 8501.353255016766
8561.988399443542 4416.307091248337
9577.704576059088 5235.7036944541605
6110.433966671528 796.2900506050829
7120.951272991989 7717.349629645848
1287.053763875401 20.051171534282155
6588.072006372615 5110.187436611008
3739.5656593483504 1937.547733611341
6691.698932560183 7728.867085477243
3861.5005160204273 8668.451901243316
2474.8101845560586 2638.12027147162
3362.0615688418766 1675.0996752638391
5607.806636333113 5464.4998285305155
2135.5146631718712 5618.369791616973
8654.672652008718 8768.215799163561
5538.384423781374 5538.670252521201
7982.406551604126 19.438883858666767
4201.7368466219405 7328.886687015931
9380.444587927697 9232.165625867237
3517.7383331689207 7493.112403008019
9999.154826712283 1621.7101951150648
9454.059602800773 8788.202147954906
6919.631583310045 2133.073747102353
7848.209327682316 1694.7956347453296
8072.840162051326 8105.6221030513125
8542.149494962072 3355.751178745271
9982.96795746391 5527.484723359419
8943.293064188263 1288.7537792557857
3936.5229457408414 376.277193851815
9925.503049160276 7980.564078263485
3842.632122676236 4262.230466681248
9979.083007273563 2377.6851238494555
5829.289056651097 4515.52294555534
2902.4596924581 2743.452423900259
2776.8029081870695 5047.041601440647
1368.3577502104495 755.7316680624892
412.7901391983935 2013.9452893852995
9756.220778240855 4572.3296630310515
4791.219950201976 4066.964649261432
4580.339137065884 2584.2934231318304
7576.683507311909 1543.2699158577045
9991.793413097586 7090.149623896866
3023.5202654351024 7321.7145027266315
5746.775702002811 2766.5580337697525
8279.069223410092 5045.292614237722
761.472473217818 6015.454171155285
566.3556981664874 9100.27202912581
2042.0130489476508 8742.028897437212
399.3041430035005 440.7177594116962
4192.749803919715 2803.053796640217
266.1399444452095 5237.279138276976
3448.801818282956 5528.065275456804
6645.45375263017 452.5279797580195
7751.512623812094 2225.913561976498
6363.368925883884 1234.0641897659211
6362.42364690965 1900.1787736552756
4457.84655884407 459.9704594942
2004.3183575229584 6479.129095730694
904.7751436935736 6897.156109206691
3516.3642651815007 2008.2337118123128
3110.967233728317 4786.6755862290665
7742.537434101268 4189.611109408721
9436.615648046434 1111.1779540887412
9708.98493738544 8488.724745414522
1435.18591057731 9912.868918069678
2553.72750293288 7351.21056656678
2790.1004131530995 6518.726525390456
6016.078990215332 4903.723575256917
1643.8131119893496 3642.81298873676
1463.3332286464263 746.6568102132842
5300.29052586038 7613.224174242178
4930.53635667374 4333.239145804621
7927.045290917319 2564.0479125985794
9212.836976215132 3036.5571785393886
7866.914811960502 5259.641258724271
5480.554793651099 8763.139630496182
4669.333054385678 6579.454585657721
5283.159215391353 9192.232568399917
4299.067050819848 4740.918547471006
9969.336769577842 445.8756280766907
3905.856104831471 9088.542389535713
1764.7867539615281 5128.90759044324
6301.027872236379 6956.249007184609
1015.0339346159965 6273.944284449298
1379.6086328931333 4798.179387530706
8682.715584256568 8905.48839378312
2842.861554983647 5677.394155203311
5755.929637800556 621.5525488520412
268.96216354151517 436.11758843085215
7655.9279719990955 8538.491259763805
1846.6112088086072 3410.8637706031795
8602.79397624167 9187.232293102965
1579.7882807714013 6992.717223091802
4537.695371672601 6590.539471746789
74.74389385013325 3129.331404358391
5650.242435221911 437.66553444222865
8004.8128872919215 1627.4895609845607
9207.057638069504 7580.217908400384
3602.349792506889 815.8241369394126
2055.9418772411586 3168.2008084036183
7132.026241976238 8956.434356436608
9077.787602732511 6672.091876574376
5674.887508907168 4553.00592184066
4876.42109221868 8791.308165979592
3000.234838574065 6286.444576365709
1771.8377840894138 6689.788450249125
9951.538148090283 5910.730042224039
3310.4792662410364 728.929524736972
9532.784527124579 851.649764603597
8348.271767239505 6397.607726956107
3491.109190570161 1455.3401230149598
2605.5090498990307 5966.165164346172
5090.790272131925 1005.7678938421877
8186.98741502165 9027.352071288125
5336.99274674514 592.7086895194677
8828.92933612022 6870.231938962394
5544.669930645444 9467.918080160274
5899.288823295088 999.9569252475582
1141.0962637363186 7498.713667423535
184.18129284336393 5878.197372417781
7795.554824336934 3115.4127092902218
2269.3767676611 7740.464545453615
9040.54889114734 6632.723749138587
8903.987109959764 896.3313267946993
4339.871476126693 8963.261152748217
3993.497484853632 1786.456581777195
517.1995472785951 5956.97792695133
9780.385644853894 898.1788985119621
5629.272366672496 9518.210220309491
6160.321543897229 658.153304227661
2091.3688539551554 8343.959122358918
189.84984112292324 1613.7906217453335
604.457133880405 6326.343680598633
5488.826753746703 1102.4218663439733
8365.612826669394 5531.974849530627
3880.795703895257 3169.54515959039
969.5401334267317 5443.611949024291
4942.490365414708 4513.08650255178
6980.153959304877 3384.285771608203
2603.1504156624496 1197.6539402865806
3287.533927647337 7640.751891208456
5046.324685488863 1449.8611479626888
2377.0019580205126 5328.620058943675
9420.609830713069 1590.5773325005835
9305.521139761588 7706.539329964111
3959.7074484429727 9451.435048168554
7813.3856706520155 4607.354090309672
1546.8203236295763 7046.945958529308
6790.04619894275 7649.3270486419915
6213.64399199639 8368.206555338407
1073.3677530460106 5247.878104718094
3175.1357576003647 763.4090651797432
6991.397595484799 736.9233987911073
115.47466566114717 3458.329822846622
8851.051571809261 3519.927736152244
3299.956126972634 9334.036598177147
1373.4769901104903 809.559541061724
9328.818014579203 3956.875005053586
5059.52624692391 1029.2270543716186
1093.3139224074373 1350.2608536826099
3907.0949137531784 6404.224829728578
2109.8136305744188 9739.168759944023
8442.974415562843 3350.581644343936
8370.180851130881 1892.6818151492753
415.54687186130866 9281.516964285383
7748.288859633251 1471.6564811478893
9492.432959590731 2138.31018134179
9308.489938229679 1346.4305124222587
7217.106780577192 8775.778107006146
689.967997052846 362.8394131381574
2432.005948051669 8056.380353109856
2581.598694503324 6435.353561488666
8733.408303330889 9754.00397090181
6577.137349811476 6851.55018985515
4793.125466091379 1877.357455259946
4631.048700377199 5802.118575584672
617.2324683571451 7841.36856546758
8293.221396691883 8828.541389117603
9744.073523753117 8502.368511425213
6299.184164191864 2256.674487609315
9059.488077567206 3346.8190504094287
9942.909748076621 8075.232940739569
3893.6273387543365 5284.097387648482
3940.9765432826316 1193.2008097054536
7787.081136850283 3239.9457227430394
3123.328135472451 2896.949111185666
9017.453486366725 7878.1340882262775
1234.305419643762 7830.627300195099
7113.071596557568 119.80997611979238
3492.5026650351942 7717.234555152517
653.6193853424866 2051.218671962808
7824.668191958965 5389.234555117667
6549.191297850825 9181.48445531529
4202.325181355047 1406.1308659693095
6893.286192362769 7420.7208113023535
2951.3191325379116 3827.7907118356657
9820.257723973797 2040.8618410273061
2410.219804084308 5613.018324495195
7368.5827358791785 2510.7363305397866
4196.124183101025 8134.181834614524
2018.672547078061 572.3731711699031
1197.3069284709281 4760.947754090681
8346.011975393267 3153.022039643273
961.2086409327114 2543.339341820261
8330.756824462474 3299.9016113332646
1912.839929758048 5385.73402168233
6650.735782607285 2880.705541618961
8638.25099609989 4727.227874122834
3073.8031102221385 8805.471627103372
8131.071867056982 9463.382667678583
6000.337905439888 5370.441088045107
817.4933973285814 658.2162572005245
5508.3464984462 9233.328461562181
9489.249834083272 6669.513062659912
3882.1746018888693 6367.212004704834
2156.809188774088 6360.0850379547755
8466.658701020848 1505.5740556095675
3919.5283504893796 7540.305041134841
4635.308654538163 3508.203647057809
2603.591940420178 2992.3358823380695
4686.083415501642 7080.18932047706
7275.919643157519 2104.4706780813995
4204.042189225505 5628.556295095667
2556.431201696403 6127.301498471204
2338.404912143769 5285.0242942894065
695.939895596499 7126.298735044185
1566.0276222193959 5598.610374607745
7689.575260330948 6094.039903153787
8956.06468707521 3658.769777359019
6090.754241483793 5500.299317257799
268.76687227811004 330.49482525432603
3853.4290486435775 2473.8484954015294
9100.183882016838 2458.874174358545
8472.837998633024 2181.5039001697423
3085.4017610998076 5885.718465257785
4817.3328333082245 9043.105831612538
6396.4046944131405 4483.21304769142
6829.393811303207 5547.792560041768
6680.865235976418 8497.711832612484
5312.696117419806 3373.486939951212
1009.5315490037027 9979.97443557412
4010.225878779472 616.6367512009185
3613.3947508496976 9441.374596749021
8937.633744318326 5403.546299728163
6673.568106325098 6532.122584629308
1500.1208328231419 4152.615278136121
6719.703126359557 4040.4562783751
741.931817384901 1684.6945335726216
7096.780664620248 1606.1383286684427
4515.0960296323165 9180.672936288218
5400.614641916727 2639.614206492348
3405.3822111839904 9814.779019934753
3110.2331031705066 3876.1874009775497
5714.380224452015 8076.020750132759
314.6612602312093 57.55060625109443
1178.5592901129216 6495.92068774708
5888.882979833601 973.1837811940236
9921.151544222053 8577.87451159128
9378.723159922414 5305.5392588271825
9436.068079204815 9688.11931091313
2844.179950616036 5181.051097280164
3601.034123089475 7982.164390852709
2918.7572333459934 1529.30808829169
2921.833168146093 9913.818064379811
1880.1720642546827 9104.480951593843
6731.990068801924 9330.720594966762
6128.237071653632 2669.7941920755006
6651.248307545518 173.16991559734763
5127.702757956666 8508.144141372957
9604.412738817206 6435.867732458034
2424.3752815004027 3407.217577422368
1926.9299570512155 9688.493056106021
3919.458864566937 1268.60436691275
1133.3990958086947 4771.837450003807
7721.710819631869 8178.935296323325
7364.238781413509 7625.592713615054
4446.14042261362 5436.244275813395
9188.103552500008 2220.695922678745
2813.7182633810608 7686.595627374711
9461.056123508553 9715.49621846827
3099.931295768572 6209.332286740969
4390.307820454685 5967.5389227922105
3613.0563926460945 6039.633499737806
8317.898813495207 3449.226869881655
6041.01936098514 3053.5694432115756
5723.261057732586 3932.9920634155924
3008.505167929141 3686.392949264804
6728.52811296296 4275.094978445148
9079.844578585775 7402.661972689526
5951.319830848661 8732.98404582324
2252.157687170736 3867.9587924049765
2299.5136409991646 2377.590113264646
9579.83081222799 5082.48852309921
6712.885824129418 5742.8093622641
5136.187939897648 9984.024190888696
3558.633607075251 7445.107501155862
796.3997905432863 3436.297986554876
9553.843232217861 641.708828928076
4910.605940206318 2709.4258506279643
2117.3116099400336 8877.601951593468
9851.077941289417 3692.9939803118673
338.6308049132958 9415.675560051906
7935.712715927684 9208.023289766434
1084.2554643679648 8971.766989280995
7727.436767852611 1246.2521211624078
4288.466106941576 1791.2114696367487
2557.49252168709 9453.098736981176
3867.231471993089 2655.9438593948826
6101.734860995823 5129.630074788573
2924.413412312412 1606.8578243502761
1278.2000265574745 8846.199314690044
8259.51054750084 7170.478860885761
1057.1432477790154 4666.218798189695
8527.917949564388 3807.9202316831575
7170.4538220404065 5829.857385351773
4787.2069652029595 5190.051744534505
6542.59606683972 7214.156777686185
8176.875964301702 4676.502908443573
6061.517701726824 3668.7262003690425
7556.541251739164 9649.618569178077
5874.289653027887 4315.831011198798
3762.3586774333585 9366.327467432087
9029.395027709854 58.59940643697436
446.0051271058152 8425.157225514045
6815.978405247051 9806.461757442441
5012.9904285650055 4407.58274486578
9146.883786954995 1589.934908895072
4644.921502308354 5525.493174435662
1543.6959300720976 559.496125527924
7995.994945259624 2208.4454822403477
568.473310163824 8220.255300040713
2107.9246013564743 3111.7871264081264
1097.98609830163 911.5886630221703
7787.697072062303 5639.737193729828
554.1015399856708 795.4841144173497
8297.833401400341 4188.28347221247
4835.734413612841 538.4003621464528
192.45786455041159 9022.521982694998
7386.865679566798 4359.943684069739
8062.610407617112 6467.625496344624
8232.604878843953 6359.495070200732
7301.694649885726 9496.40803706172
4783.308281494383 1969.5679789634778
9194.229253403963 7323.682492134643
6259.491632197914 3149.5284918572943
2506.15652053185 5275.10344988511
9153.953395010469 2361.759351493381
9303.306307440529 6281.677559216706
9307.673026770319 7384.786122543088
9162.206607535358 8824.402548293676
7944.386055854642 8458.083581718936
2495.6774260658176 8420.535825483516
9748.714945983449 3140.856221856062
8141.636305966743 9104.120211319705
4490.432951560475 7914.596550417697
1578.7304200679453 1206.6361793743363
8752.955008829278 414.3608190117276
776.9984404378039 8675.73364066191
2292.6160651650885 735.3257271357294
1269.1454282913662 6317.180820780409
137.95340065623108 7888.228592827026
949.5593904732181 9843.701086230556
1577.1314956602644 4742.717981151439
1941.2227268618954 7095.234585383973
1783.693088170024 3084.383510838052
9448.829445719066 9136.22392509033
3963.0231702096917 1390.4324303263184
8555.354159277638 6313.885854781201
2024.3408765748072 3873.353540254607
6557.585846026002 6771.256873856165
3700.612097709275 7182.942679677526
82.89830225288952 9883.607932143685
8680.93192803193 2335.789971290454
4100.438524336147 4184.408349761964
7835.472613381855 3785.6829339983933
7937.399704139447 6871.948387142595
7282.063515653755 2949.771737068555
5124.402425955294 2144.2244950073073
9996.405817891742 1696.9013621762663
3889.639910787027 7299.497737633735
1027.4419949755386 9802.780426517715
5832.177569821128 7753.991176390024
8134.034212770425 6833.777334509614
1768.6454504355154 7619.007562565488
5793.818526865374 2677.357083274905
4589.537307021549 130.93985218114003
2438.2502964175146 4137.085575883744
8819.010182348584 5328.088413656717
6153.475169044304 730.0680522351932
618.9572199777705 2080.6784916445686
6702.759019887191 8420.548365400433
9532.083425285646 4459.100106049757
2625.275213622118 7072.046868628619
7790.14731624491 3884.3106253088654
9087.817007728803 9111.236559144152
570.2648515233055 8895.826916337755
6552.626007052005 2404.6412762370783
5320.155871515165 1198.2311157369963
9646.322340845294 1471.7213553055774
5304.166523290676 198.8079043620794
3046.5195816816827 7585.484124771612
8776.7797212406 2719.294117380815
2212.867385033476 4624.958397913667
2954.8345567851798 1643.7527869779456
460.410677645271 4607.964681403965
5848.892876787663 883.7099549128213
5085.645207739637 7210.011859262244
5738.541108990923 7994.093543331982
9155.997575537847 6892.114118302002
299.0847650210382 782.2953454390924
6753.964537786033 4472.890397206438
6825.211696896927 6308.032993953569
7568.499445234584 3941.891358837779
4172.044917440798 5564.2523028407695
2148.6084428595163 9420.089503583338
8564.790895361164 4918.481962006762
5500.465660042118 6723.0260875015165
9878.506883483944 910.3247329678454
4456.565652686322 8472.974198164522
5094.146976667619 1249.5980296924392
9670.912920336285 738.7701204354091
9526.83348764918 1674.2930408964685
34.41874074199491 6765.377624077413
5730.926419244343 440.37760776559634
2542.694162457704 4263.598134154425
7415.47390712625 5279.008637837148
2838.9781471044307 5052.041276583753
6609.045007025238 4860.308886562147
7944.129257881483 7001.14690366156
9815.483877216158 9150.557222726808
4690.31741797451 8955.059806271453
480.378281416789 153.8488750987943
199.0571855191614 4561.746685037255
6333.736426738339 2805.5726375575396
3551.5056698476733 773.6955222668729
8372.801673564132 5716.930839565634
1262.465781023686 8170.043038299321
3598.9564202541337 5293.465437248631
9191.301630292259 6835.4896368413565
1990.4806250796926 7476.26386848084
2935.747417031711 3913.496251602383
2841.0206523402503 7885.7547231100825
3253.750063321873 4270.7806793394275
4648.906936574485 5877.4764962501895
7082.004003631158 8206.474523463714
7243.4136406793905 4571.979481558114
5577.936127787741 1801.268456616325
1663.523696783632 6379.787628563154
207.64788957603918 451.5606091441193
5371.859015766419 6486.207854994203
6307.077434330054 7061.039303206413
9953.563721423461 6692.131255762156
2706.312812486368 8871.785973725015
2458.675892745499 1041.24304688064
2072.4539153444953 6323.246531639781
9645.911300863154 6788.520446728171
9768.348990260227 1472.8441557130877
1433.1372299791412 4976.958285835971
3459.4516004931806 1084.3436826464415
4516.0919519975305 37.865794542202295
6233.226030312371 5436.837255202359
3379.832467010252 7044.504437639008
4184.655243149138 8758.598230606276
7695.897965092653 3272.3390731331715
8968.86626747151 1540.881386336299
9250.242028967567 195.06189882259272
3927.0732749533054 2982.4156557205515
935.1769892752936 1736.845040433581
8800.193614185484 1184.4671961426368
3666.823576847481 4607.270302132931
6899.4888426680645 9004.562019559507
4302.9729064762005 3565.42473842004
2632.923912801054 7249.443250570582
2391.0246074078946 6741.344325981905
6436.235137560396 5302.445313438756
9742.06390536946 4415.387528856246
5583.582120336718 1899.326911260638
3102.235387875546 3093.8299696145355
8372.661045590195 1597.5063594284622
6697.582770379598 5807.562462477942
8547.631019890996 2280.8917872106126
8598.255004791325 7338.265310129671
6064.307560023186 3285.575222838496
620.4348051142172 5196.258213967182
1030.3746165853645 104.88591439045236
2658.397624068295 4802.076186663094
7239.760934963319 2237.230664914015
3445.1778366349586 1668.310729531126
1872.9058341210625 4443.800090433659
5083.452387382982 9246.676396322737
8598.81601814583 5338.952296652864
6352.351225459547 5806.560889355643
1335.0887742316652 3755.0910437453476
9963.73133987761 5767.078222725153
8927.682718136795 7497.16131685608
673.8395028874944 1563.3122229839526
7490.2071508521885 3391.8297760968476
7780.514815544425 3935.9334031809467
3520.3273538854874 3324.43121319551
4889.877485269124 2036.2220468258574
8788.597096558178 8184.639319362388
6125.45984851465 6866.243800434851
4110.024314381485 5704.831540864875
1984.1825887886034 307.49910304716633
5979.20578952303 926.5240624571958
5736.17046433417 3709.7824156319894
3372.493225420853 7721.967317482889
176.7115948167408 8913.069182569423
2315.4766282365244 1837.9046460584868
7921.131730169037 3454.714141704911
906.5030091562054 1503.7867528588556
1056.702075119117 7711.810029242399
7372.8549502539645 6224.594233671818
4548.097974399277 5640.151284644884
1467.3115272658144 9354.370744500122
8498.233076384702 3493.0695014077364
6524.245047132279 8771.286546830608
6401.397586860547 1683.6971779361643
2364.3037696001834 6399.459537947121
7135.666794398921 7600.70820890889
7471.381694666883 2521.0983719457226
6969.011982314483 8856.163178674364
6541.956629732135 2332.0584372190056
2638.9671301947214 300.8532873381409
4451.128190184732 3468.2684635856485
9340.106321107532 4889.958038357606
3086.743781586474 7627.661191953717
5411.220740856363 4659.961104652567
2452.578558643245 2143.8405188241295
7.454193577585144 4760.377657769378
8394.36258147303 4981.957837412818
2460.4544754211934 5341.545515038892
5644.539684137798 4407.722513545609
813.0951102026995 9857.939683645129
3080.59897414064 8770.962761487352
4616.585297414043 6606.844138761348
5079.341674598513 1759.7564885643635
3405.60194649467 719.7257820838288
4777.1368687459835 4300.220402761999
3966.303416017095 7250.24276444001
1137.8462288086932 254.5019627196654
1902.3091655488834 3229.066248320025
790.7737218556055 3966.803609592813
7830.689664038473 4893.001814919816
7165.336603866449 7762.288350895075
7362.290746476788 1061.2498771559854
4025.3767796849215 3.5928669047380346
1058.9420797533555 7027.7955175739835
2916.967925431546 3882.3736018253153
5081.806792253585 4192.240629656224
604.8899108219786 6952.843744661822
4711.020033153695 1438.7735983257965
9791.316989994271 5651.194178493759
4535.416520978326 3226.484249315239
2452.44628114889 9688.869961093993
3992.31652465472 9196.258810287138
