20
2450.1758192443444 8271.477490221843
9932.375201909934 456.89274263443934
3882.143708817698 2036.6799868464525
3080.8919640247814 3956.601262230406
6304.76935257487 1667.860307549437
5846.7958352400055 1106.450808531364
4150.5396734140195 500.9658438386522
6602.0247847171895 6088.645614038323
1437.3156637574148 2923.3230313445924
7041.624397527492 3252.8889979809082
927.9641557435125 5052.069486217293
9811.326903826242 3500.0427016728017
3005.0704961251895 5476.39421349591
3259.04478041637 404.8217146106059
9186.66593288335 7726.276895880081
5796.146646711018 2003.8655651498184
9295.442317462052 5927.740389560975
354.1678178266061 343.2890458707616
4774.222159185158 7425.0585609364
4738.7009045272325 7883.963089757349
